Mean Error 2D: 0.11606940000940595
Mean 3D IoU: 0.5352976614231878
Mean Azimuth Error: 10.092818081750222
Mean Polar Error: 4.415807429965629

IoU Thresholds: 0.0000,	0.0500,	0.1000,	0.1500,	0.2000,	0.2500,	0.3000,	0.3500,	0.4000,	0.4500,	0.5000,	0.5500,	0.6000,	0.6500,	0.7000,	0.7500,	0.8000,	0.8500,	0.9000,	0.9500,	1.0000,	
AP @3D IoU    : 0.8725,	0.6887,	0.6812,	0.6693,	0.6477,	0.6139,	0.5773,	0.5247,	0.4635,	0.3919,	0.3051,	0.2042,	0.1175,	0.0493,	0.0169,	0.0044,	0.0005,	0.0000,	0.0000,	0.0000,	0.0000,	

2D Thresholds : 0.0000,	0.1000,	0.2000,	0.3000,	0.4000,	0.5000,	0.6000,	0.7000,	0.8000,	0.9000,	1.0000,	1.1000,	1.2000,	1.3000,	1.4000,	1.5000,	1.6000,	1.7000,	1.8000,	1.9000,	2.0000,	
AP @2D Pixel  : 0.0000,	0.7050,	0.7085,	0.7086,	0.7087,	0.7087,	0.7088,	0.7088,	0.7088,	0.7088,	0.7088,	0.7088,	0.7088,	0.7088,	0.7088,	0.7088,	0.7088,	0.7088,	0.7088,	0.7088,	0.8724,	

Azimuth Thresh: 0.0000,	0.1500,	0.3000,	0.4500,	0.6000,	0.7500,	0.9000,	1.0500,	1.2000,	1.3500,	1.5000,	1.6500,	1.8000,	1.9500,	2.1000,	2.2500,	2.4000,	2.5500,	2.7000,	2.8500,	3.0000,	
AP @Azimuth   : 0.0000,	0.0195,	0.0747,	0.1424,	0.2177,	0.2877,	0.3525,	0.4071,	0.4592,	0.5044,	0.5349,	0.5591,	0.5794,	0.5989,	0.6163,	0.6292,	0.6375,	0.6452,	0.6499,	0.6548,	0.8194,	

Polar Thresh  : 0.0000,	0.1000,	0.2000,	0.3000,	0.4000,	0.5000,	0.6000,	0.7000,	0.8000,	0.9000,	1.0000,	1.1000,	1.2000,	1.3000,	1.4000,	1.5000,	1.6000,	1.7000,	1.8000,	1.9000,	2.0000,	
AP @Polar     : 0.0000,	0.0298,	0.1012,	0.1956,	0.2820,	0.3579,	0.4271,	0.4791,	0.5258,	0.5661,	0.5951,	0.6173,	0.6333,	0.6488,	0.6619,	0.6702,	0.6760,	0.6820,	0.6867,	0.6893,	0.8540,	

ADD Thresh    : 0.0000,	0.0500,	0.1000,	0.1500,	0.2000,	0.2500,	0.3000,	0.3500,	0.4000,	0.4500,	0.5000,	0.5500,	0.6000,	0.6500,	0.7000,	0.7500,	0.8000,	0.8500,	0.9000,	0.9500,	1.0000,	
AP @ADD       : 0.0000,	0.0000,	0.0019,	0.0367,	0.1343,	0.2733,	0.4030,	0.4829,	0.5395,	0.5766,	0.6072,	0.6318,	0.6462,	0.6552,	0.6616,	0.6656,	0.6694,	0.6722,	0.6755,	0.6777,	0.8418,	

ADDS Thresh   : 0.0000,	0.0500,	0.1000,	0.1500,	0.2000,	0.2500,	0.3000,	0.3500,	0.4000,	0.4500,	0.5000,	0.5500,	0.6000,	0.6500,	0.7000,	0.7500,	0.8000,	0.8500,	0.9000,	0.9500,	1.0000,	
AP @ADDS      : 0.0000,	0.0000,	0.0019,	0.0367,	0.1347,	0.2858,	0.4399,	0.5218,	0.5756,	0.6155,	0.6453,	0.6676,	0.6839,	0.6934,	0.6983,	0.7013,	0.7037,	0.7052,	0.7061,	0.7073,	0.8714,	
